ROS package to FOXBOT.

Credits to: Douglas Bertol, Maurício Ferreira and André Leal from UDESC — CCT.

AGV_PKG -> Automated Guided Vehicle Package

Commands:

export ROS_MASTER_IP=http://192.168.1.16/11311/
export ROS_IP=192.168.1.16 
source devel/setup.zsh 

rosrun agv_pkg calibration.py
rosbag record [topic]



Calibration results:

1 st:

M = [[0.56824606, -0.04232195, 0.00609625],
     [-0.04232195, 0.435208,   0.00944848],
     [0.00609625,  0.00944848, 0.68687405]]

n = [[-3145.35455203],
     [177.36132388],
     [-41.99690492]]

d = 13052216.35089173

M_1 = [[1.77286162, 0.17279004, -0.01784916],
        [0.017279004, 2.31526915, -0.03189812],
        [-0.01784916, -0.03289812, 1.43537574]]

b = [[5544.88247866],
     [131.46512601],
     [9.97424514]]

A_1 = [[3.60496438e-04, -1.43519561e-05, 1.89520948e-06],
        [-1.43519561e-05, 3.15399830e-04, 3.06530881e-06],
        [1.89520948e-06, 3.06530881e-06, 3.99551985e-04]]


2 nd:

b = [[5658.83554714],
     [789.23888231],
     [-95.88262668]]

A_1 = [[3.53099901e-04, -6.22856745e-06, 3.41316418e-06],
        [-6.22856745e-06, 3.25478247e-04, 2.24673946e-05],
        [3.41316418e-06, 2.24673946e-05, 3.72829923e-04]]

3 rd

b = [[5679.55831945],
     [849.03674799],
     [-65.20774899]]

A_1 = [[3.51422925e-04, -5.77667480e-06, 3.70299153e-06],
        [5.77667480e-06, 3.24356981e-04, 2.13794476e-05],
        [3.70299153e-06, 2.13794476e-05, 3.81438238e-04]]



empirical:
Calculated:

            # b
            # [[5547.74334509]
            #  [ 828.87628051]
            #  [ 110.55955971]]
            # A_1
            # [[ 3.47544601e-04 -9.31171840e-06 -8.71559471e-07]
            #  [-9.31171840e-06  3.26957519e-04  1.87713564e-05]
            #  [-8.71559471e-07  1.87713564e-05  3.95850480e-04]]
Used:
 A_1 = np.array(
            [[ 3.47544601e-04, -9.31171840e-07, -8.71559471e-06],
             [-9.31171840e-07,  3.26957519e-04,  1.87713564e-05],
             [-8.71559471e-06,  1.87713564e-05,  3.95850480e-04]])
        b = np.array(
            [[5547.74334509],
             [ 0],
             [ 110.55955971]]
        )